name: seqsero
channels:
  - conda-forge
  - broad-viral
  - bioconda
  - defaults
  - r
dependencies:
  - blast=2.7.1=h4422958_6
  - bwa=0.7.17=ha92aebf_3
  - libdeflate=1.0=h470a237_0
  - perl-archive-tar=2.18=pl526_3
  - perl-carp=1.38=pl526_1
  - perl-compress-raw-bzip2=2.074=pl526hfc679d8_0
  - perl-compress-raw-zlib=2.081=pl526h2d50403_0
  - perl-data-dumper=2.161=pl526_2
  - perl-encode=2.88=pl526_1
  - perl-exporter=5.72=pl526_1
  - perl-exporter-tiny=1.000000=pl526_0
  - perl-extutils-makemaker=7.34=pl526_2
  - perl-io-compress=2.069=pl526hfc679d8_5
  - perl-io-zlib=1.10=pl526_2
  - perl-list-moreutils=0.428=pl526_1
  - perl-list-moreutils-xs=0.428=pl526_0
  - perl-parent=0.236=pl526_1
  - perl-pathtools=3.73=h470a237_2
  - perl-scalar-list-utils=1.45=pl526h470a237_3
  - perl-test-more=1.001002=pl526_1
  - perl-xsloader=0.24=pl526_0
  - samtools=1.9=h8ee4bcc_1
  - sra-tools=2.9.1_1=h470a237_0
  - biopython=1.72=py27_0
  - boost=1.67.0=py27h3e44d54_0
  - boost-cpp=1.67.0=h3a22d5f_0
  - bzip2=1.0.6=h470a237_2
  - ca-certificates=2018.10.15=ha4d7672_0
  - certifi=2018.10.15=py27_1000
  - curl=7.61.1=h74213dd_2
  - gmp=6.1.2=hfc679d8_0
  - gnutls=3.5.19=h2a4e5f8_1
  - icu=58.2=hfc679d8_0
  - krb5=1.16.1=hbb41f41_0
  - libcurl=7.61.1=hbdb9355_2
  - libedit=3.1.20170329=haf1bffa_1
  - libffi=3.2.1=hfc679d8_5
  - libgcc-ng=7.2.0=hdf63c60_3
  - libgfortran-ng=7.2.0=hdf63c60_3
  - libssh2=1.8.0=h5b517e9_2
  - libstdcxx-ng=7.2.0=hdf63c60_3
  - mkl_fft=1.0.6=py27_0
  - mkl_random=1.0.1=py27_0
  - ncurses=6.1=hfc679d8_1
  - nettle=3.3=0
  - openssl=1.0.2p=h470a237_1
  - pcre=8.41=hfc679d8_3
  - perl=5.26.2=h470a237_0
  - pip=18.1=py27_1000
  - python=2.7.15=h33da82c_4
  - readline=7.0=haf1bffa_1
  - setuptools=40.4.3=py27_0
  - sqlite=3.25.2=hb1c47c0_0
  - tk=8.6.8=ha92aebf_0
  - wheel=0.32.1=py27_0
  - xz=5.2.4=h470a237_1
  - zlib=1.2.11=h470a237_3
  - blas=1.0=mkl
  - intel-openmp=2019.0=118
  - mkl=2019.0=118
  - numpy=1.15.0=py27h1b885b7_0
  - numpy-base=1.15.0=py27h3dfced4_0
prefix: /home/workflows/miniconda3/envs/seqsero

